43.0
26.0
135.0
6.0
8.0
33.0
52.0
10.0
5.0
64.0
8.0
52.0
7.0
9.0
53.0
14.0
21.0
13.0
17.0
10.0
16.0
12.0
15.0
5.0
14.0
9.0
11.0
21.0
18.0
16.0
19.0
14.0
16.0
12.0
18.0
65.0
56.0
41.0
74.0
77.0
70.0
71.0
48.0
81.0
82.0
43.0
59.0
100.0
67.0
105.0
65.0
83.0
104.0
88.0
44.0
78.0
21.0
3.0
11.0
34.0
42.0
34.0
11.0
12.0
23.0
13.0
12.0
9.0
3.0
3.0
16.0
15.0
6.0
4.0
6.0
83.0
72.0
25.0
17.0
42.0
74.0
74.0
96.0
50.0
98.0
76.0
59.0
5.0
16.0
32.0
212.0
227.0
342.0
469.0
252.0
452.0
211.0
488.0
215.0
9.0
9.0
9.0
9.0
9.0
9.0
5.0
13.0
8.0
20.0
7.0
41.0
6.0
19.0
108.0
8.0
200.0
225.0
8.0
56.0
16.0
6.0
32.0
3.0
32.0
1.0
4.0
3.0
6.0
11.0
1.0
15.0
10.0
108.0
13.0
12.0
12.0
15.0
8.0
12.0
24.0
150.0
32.0
150.0
6.0
72.0
24.0
48.0
37.0
10.0
30.0
100.0
3.0
2.0
49.0
2.0
24.0
16.0
35.0
18.0
56.0
45.0
28.0
24.0
56.0
252.0
156.0
182.0
84.0
203.0
341.0
275.0
2208.0
3.0
108.0
2016.0
480.0
144.0
432.0
12.0
8.0
10.0
5.0
7.0
18.0
15.0
14.0
32.0
5.0
2.0
7.0
5.0
6.0
4.0
5.0
4.0
7.0
16.0
18.0
14.0
18.0
22.0
20.0
7.0
21.0
15.0
11.5
1.84
11.9
3.07
9.0
6.65
1.9
1.22
9.43
151.0
12.3
23.86
21.95
10.46
19.02
21.93
34.72
33.56
158.35
35.52
18.42
36.78
20.52
5.98
2.51
0.26
1.37
4.05
14696.0
7790.0
8564.0
11687.0
6755.0
9844.0
7092.0
118558.0
48781.0
27004.0
14720.0
65057.0
67082.0
106491.0
50870.0
111421.0
65134.0
971639.0
19766.0
574.0
3120.0
6279.0
36.78
29.0
286.0
41.0
2.0
180.0
50.0
15.0
28.0
35.0
1.0
39.0
67.0
118.0
4.0
224.0
14.0
9.0
90.0
74.0
12.0
13.0
55.0
9.0
32.0
160.0
20.0
100.0
29.0
4.0
180.0
0.5
0.5
0.6666666666666666
0.3333333333333333
0.25
0.625
0.125
0.1
0.6666666666666666
0.25
0.6
0.16666666666666666
0.8
0.9
0.8333333333333334
0.6
0.2
0.375
0.6
0.2
0.625
0.7
0.625
0.125
0.6
0.875
0.5
0.3333333333333333
0.3333333333333333
0.1
0.9
0.3
0.75
0.375
0.1
0.7
0.4
0.625
0.3
0.25
0.7
0.6666666666666666
0.875
0.9166666666666666
0.8888888888888888
0.4166666666666667
0.8333333333333334
0.75
0.75
0.8333333333333334
0.6666666666666666
0.8
0.8333333333333334
0.75
0.7
0.8888888888888888
0.5
0.9166666666666666
0.75
0.6666666666666666
0.8333333333333334
1.3333333333333333
5.666666666666667
3.6666666666666665
6.5
15.1
9.8
3.25
9.8
5.333333333333333
10.333333333333334
6.5
18.8
1.3333333333333333
1.8333333333333335
3.5
2.75
1.3333333333333333
4.333333333333333
14.75
10.666666666666666
0.2
9.8
0.08
0.5
14.02
0.46
9.12
0.31
0.2
0.53
0.09
14.02
0.6
4.6
1.22
0.52
12.7
1.7
7.26
6.6
703
84
6003
168
8484
629
504
488
14280
360
498
2916
308
984
140
2268
6538
3824
441
198
10
7
8
9
60
6
4
20
7
9
7
10
8
7
8
9
7
11
10
12
6
7
6
7
9
8
4
323
48
1110
220
12
135
133
688
426
162
13
326
45
2289
78
99
776
3343
208
208
128
498
486
0.72
4.62
9
12
1250
134
8243
1.20
3264
3750
360
372
5
7827
204
75
39
48
296
242
18
66018
6
1.25
7
5
68
2.5
26
21
432
120
280
68
159
121
273
28
218
1035
42
178.0
20000.0
7750.0
5.0
68.25
50.0
2400000.0
7.0
17.0
5.0
