43
26
135
6
8
33
52
10
5
64
8
52
7
9
53
14
21
13
17
10
16
12
15
5
14
9
11
21
18
16
19
14
16
12
18
67
65
51
25
56
41
74
58
55
47
47
60
63
89
77
70
71
48
81
82
43
59
100
67
105
65
83
104
88
44
78
21
3
11
34
42
34
11
12
23
13
12
9
3
3
16
15
6
4
6
83
72
25
17
42
74
74
96
50
98
76
59
5
16
32
212
227
342
469
252
452
211
488
215
9
9
9
9
9
9
9
5
13
8
20
7
41
6
19
108
8
200
225
8
56
16
6
32
3
32
1
4
3
6
11
1
15
10
108
13
12
12
15
8
12
24
150
32
150
6
72
24
48
37
10
30
100
3
2
49
2
24
16
35
18
56
45
28
24
56
252
156
112.5
182
84
203
341
275
2208
3
108
2016
480
144
432
12
8
10
5
7
18
8
15
14
32
5
2
7
5
6
4
5
4
7
16
18
14
18
22
20
7
21
15
1150
184
1190
307
900
665
190
122
9.43
151
12.3
23.86
21.95
10.46
19.02
21.93
34.72
33.56
158.35
35.52
18.42
36.78
20.52
5.98
2.51
99.52
19.8
14
0.26
26.21
1.37
4.05
14696
7790
8564
11687
6755
9844
7092
118558
48781
27004
14720
64013
67082
106491
50870
111421
65134
971639
19766
574
3120
6279
1,460
5,703
8,317
1,232
523
5,855
2,515
6,029
5,935
6,699
3,220
3,731
5,110
1,792
2,713
4,133
2,454
1/2
1/2
2/3
1/3
1/4
5/8
1/8
1/10
2/3
1/4
3/5
1/6
4/5
9/10
5/6
3/5
1/5
3/8
3/5
1/5
5/8
7/10
5/8
1/8
3/5
7/8
1/2
1/3
1/3
1/10
9/10
3/10
3/4
3/8
1/10
7/10
2/5
5/8
3/10
1/4
7/10
2/3
7/8
11/12
8/9
5/12
5/6
3/4
3/4
5/6
2/3
4/5
5/6
3/4
7/10
8/9
1/2
11/12
3/4
2/3
5/6
1 1/3
5 2/3
3 2/3
6 1/2
15 1/10
9 4/5
3 1/4
9 4/5
5 1/3
10 1/3
6 1/2
18 4/5
1 1/3
1 5/6
3 1/2
2 3/4
1 1/3
4 1/3
14 3/4
10 2/3
0.2
9.8
0.08
0.5
14.02
0.46
9.12
0.31
0.2
0.53
0.09
14.02
0.6
4.6
1.22
0.52
12.7
1.7
7.26
6.6
36
40
15
9
60
29
63
14
61
53
12
61
82
24
98
57
507
270
212
227
562
242
559
469
217
512
6
4
4
4
5
4
3
4
4
2
12
20
25
7
8
18
23
29
11
12
23.86
26.3
25.31
141.54
19.02
5.88
224.87
18.66
28.42
42.33
163.28
22.58
9.46
24.81
387.85
25.62
58
14
5
63
13
64
6
37
44
9
7
17
11
7
15
12
12
13
8
16
16
16
17
18
24
21
15
18
20
50
48
52
37
74
35
56
55
48
54
75
63
79
84
39
117
109
72
100
103
47
11
71
46
16
63
13
66
4
14
5
5
7
14
9
3
4
4
11
12
20
27
77
57
